  1.177216327589631E-003
  7.544560257156216E-004
  1.119627122070846E-003
  7.963391627805286E-004
  1.431433990951425E-003
  1.357167899262370E-003
  7.667613203486982E-004
  1.020368976296101E-003
  1.202589349158645E-003
  9.946436373055002E-004
  1.415201326461955E-003
  1.218077041097486E-003
  6.755607882102702E-005
  1.515094172075757E-003
  1.036331605694179E-003
  6.386429714658664E-004
  4.013751465189626E-004
  1.538546722683781E-003
  6.864267035634819E-004
  8.721868013223127E-004
  1.321077021739966E-003
  1.059845604602903E-003
  1.390483962838303E-003
  1.173707357989469E-003
  9.532706031653103E-004
  1.330002889940805E-003
  8.853205843953412E-004
  1.617818069292949E-003
  1.859790068112777E-003
  1.373616633963785E-003
  1.195277598016110E-003
  1.438801479783660E-003
  1.631956019951299E-003
  1.900330855248097E-003
  1.727891089139797E-003
  4.730408404446683E-004
  1.027391021871861E-003
  7.125033296280814E-004
  1.027391021871873E-003
  4.730408404446963E-004
  1.727891089139779E-003
  1.900330855248134E-003
  1.631956019951232E-003
  1.438801479783644E-003
  1.195277598016093E-003
  1.373616633963770E-003
  1.859790068112758E-003
  1.617818069292942E-003
  8.853205843953407E-004
  1.330002889940800E-003
  9.532706031653709E-004
  1.173707357989470E-003
  1.390483962838229E-003
  1.059845604602910E-003
  1.321077021740000E-003
  8.721868013223350E-004
  6.864267035634763E-004
  1.538546722683780E-003
  4.013751465189899E-004
  6.386429714658668E-004
  1.036331605694165E-003
  1.515094172075728E-003
  6.755607882105068E-005
  1.218077041097491E-003
  1.415201326461967E-003
  9.946436373055255E-004
  1.202589349158636E-003
  1.020368976296116E-003
  7.667613203487309E-004
  1.357167899262376E-003
  1.431433990951427E-003
  7.963391627804705E-004
  1.119627122070835E-003
  7.544560257156258E-004
  1.177216327589598E-003
